19-09-2025|001|001|243|1|PAGAMENTO NF 243 (PARCELA 1 de 1)|44327942000154|2|000|13000|13000|N
17-01-2025|001|001|13633|1|PAGAMENTO NF 13633|03383592000166|2|000|1725000|1725000|N
05-03-2025|001|001|4767|1|PAGAMENTO NF 4767|02513158000190|2|000|314806|314806|N
18-02-2025|001|001|4839|1|PAGAMENTO NF 4839|02513158000190|2|000|573949|573949|N
13-02-2025|001|001|14028|1|PAGAMENTO NF 14028|03383592000166|2|000|1226000|1226000|N
03-03-2025|001|001|14270|1|PAGAMENTO NF 14270|03383592000166|2|000|1212000|1212000|N
31-03-2025|001|001|4883|1|PAGAMENTO NF 4883|02513158000190|2|000|626564|626564|N
24-03-2025|001|001|75|1|PAGAMENTO NF 75|03383592000328|2|000|1216000|1216000|N
10-04-2025|001|001|178|1|PAGAMENTO NF 178|03383592000328|2|000|1200000|1200000|N
23-04-2025|001|001|5040|1|PAGAMENTO NF 5040|02513158000190|2|000|681733|681733|N
23-04-2025|001|001|5041|1|PAGAMENTO NF 5041|02513158000190|2|000|1051105|1051105|N
18-04-2025|001|001|223|1|PAGAMENTO NF 223|03383592000328|2|000|1184000|1184000|N
30-04-2025|001|001|238|1|PAGAMENTO NF 238|03383592000328|2|000|592000|592000|N
01-05-2025|001|001|281|1|PAGAMENTO NF 281|03383592000328|2|000|1170000|1170000|N
06-05-2025|001|001|304|1|PAGAMENTO NF 304|03383592000328|2|000|1170000|1170000|N
05-05-2025|001|001|5093|1|PAGAMENTO NF 5093|02513158000190|2|000|724352|724352|N
16-05-2025|001|001|5132|1|PAGAMENTO NF 5132|02513158000190|2|000|1593122|1593122|N
16-05-2025|001|001|367|1|PAGAMENTO NF 367|03383592000328|2|000|1164000|1164000|N
29-05-2025|001|001|430|1|PAGAMENTO NF 430|03383592000328|2|000|1114000|1114000|N
10-06-2025|001|001|487|1|PAGAMENTO NF 487|03383592000328|2|000|1120000|1120000|N
16-06-2025|001|001|5257|1|PAGAMENTO NF 5257|02513158000190|2|000|1088000|1088000|N
20-06-2025|001|001|542|1|PAGAMENTO NF 542|03383592000328|2|000|1120000|1120000|N
02-07-2025|001|001|588|1|PAGAMENTO NF 588|03383592000328|2|000|562000|562000|N
07-07-2025|001|001|606|1|PAGAMENTO NF 606|03383592000328|2|000|562000|562000|N
10-07-2025|001|001|663|1|PAGAMENTO NF 663|03383592000328|2|000|1144000|1144000|N
21-07-2025|001|001|709|1|PAGAMENTO NF 709|03383592000328|2|000|1138000|1138000|N
28-07-2025|001|001|754|1|PAGAMENTO NF 754|03383592000328|2|000|1136000|1136000|N
05-08-2025|001|001|794|1|PAGAMENTO NF 794|03383592000328|2|000|1136000|1136000|N
14-08-2025|001|001|829|1|PAGAMENTO NF 829|03383592000328|2|000|570000|570000|N
22-08-2025|001|001|877|1|PAGAMENTO NF 877|03383592000328|2|000|570000|570000|N
08-09-2025|001|001|969|1|PAGAMENTO NF 969|03383592000328|2|000|572000|572000|N
06-10-2025|001|001|1164|1|PAGAMENTO NF 1164|03383592000328|2|000|568000|568000|N
10-10-2025|001|001|1187|1|PAGAMENTO NF 1187|03383592000328|2|000|1128000|1128000|N